strems	native_vegetation	reforestation	pasture	agriculture	urban	mining	waterbodies	width	depth	oxygen	temperature	conductivity	turbidity	STS 	pH	chlorophyll	CPOM	macrophytes	submerged_riparian	clay	sand	gravel	pebble	boulder 
S1	9.21	0.00	7.62	0.09	0.00	0.00	0.01	473.19	29.72	5.10	22.70	635.30	0.44	40.00	8.01	2.14	17.00	0.00	0.00	0.00	5.00	21.67	14.67	41.67
S2	2.95	0.00	2.43	0.00	0.00	0.00	0.00	178.38	11.80	3.90	23.10	813.90	0.77	18.18	7.40	2.60	59.50	0.00	0.00	0.00	6.67	1.67	17.17	15.00
S3	1.98	0.00	1.84	0.00	0.00	0.00	0.00	371.72	37.50	3.80	24.10	57.29	3.50	8.00	6.80	1.46	43.17	0.00	3.33	0.83	21.67	25.50	4.67	0.00
S4	0.78	0.00	0.92	0.00	0.00	0.00	0.00	240.61	11.50	4.80	25.90	84.00	2.30	64.00	7.18	1.44	30.33	0.00	0.00	0.00	7.50	21.67	4.50	36.00
S5	4.99	0.00	1.89	0.00	0.00	0.00	0.02	329.64	14.98	5.60	24.00	96.44	2.30	10.91	6.80	0.54	38.83	0.00	0.00	0.00	1.67	30.00	12.83	16.67
S6	0.12	0.00	0.01	0.00	0.00	0.00	0.00	106.81	8.77	4.20	28.80	44.35	5.80	12.73	6.41	0.23	32.33	0.00	0.00	0.00	4.17	20.83	21.00	21.67
S7	3.22	0.00	0.95	0.04	0.00	0.00	0.06	303.54	9.63	3.70	21.50	0.02	0.61	59.26	7.21	3.78	47.83	0.00	0.00	0.00	7.50	20.50	6.67	17.50
S8	4.26	0.00	2.09	0.00	0.00	0.00	0.00	255.43	17.02	6.20	20.10	260.70	1.08	1.82	7.34	2.31	37.76	0.00	0.00	0.00	6.90	1.72	34.66	18.97
S9	7.08	0.00	2.80	0.00	0.00	0.00	0.04	337.37	14.47	4.10	22.70	354.50	1.62	18.52	7.55	0.41	14.50	0.00	0.00	0.00	5.00	5.00	10.83	64.67
S10	9.54	0.00	5.02	0.00	0.00	0.00	0.01	468.83	18.34	5.90	26.60	307.20	0.60	9.26	7.63	1.67	41.50	0.00	0.00	0.00	3.33	15.50	23.00	16.67
S11	22.82	0.00	4.45	0.00	0.00	0.00	0.01	334.39	19.65	5.40	27.00	117.50	0.47	7.41	7.32	0.08	33.00	0.00	0.00	0.00	36.17	10.00	1.67	19.17
S12	5.15	0.00	3.02	0.00	0.00	0.00	0.00	309.43	18.54	3.70	22.50	128.30	4.10	9.09	7.12	0.37	44.50	0.00	0.00	3.33	15.83	3.33	0.83	32.17
S13	13.26	0.00	5.15	0.00	1.71	0.00	0.06	384.09	21.90	4.10	20.90	228.20	1.11	10.91	7.58	20.09	39.83	0.00	0.00	0.00	0.00	3.33	1.67	55.17
S14	19.91	0.00	5.39	0.00	0.00	0.00	0.00	187.30	11.54	6.80	19.00	28.65	6.60	3.92	6.69	0.36	40.00	0.00	0.00	10.00	16.67	26.67	1.67	5.00
S15	30.84	0.00	8.71	0.05	0.00	1.11	1.20	317.66	15.10	7.20	20.00	0.59	5.30	10.00	7.22	5.19	5.33	0.00	0.00	6.67	1.67	6.67	61.67	18.00
S16	11.22	0.00	3.41	0.00	0.00	0.00	0.04	311.40	25.29	5.40	19.70	49.95	11.70	56.86	6.88	2.90	27.00	0.00	2.50	38.00	6.67	25.00	0.00	0.83
S17	21.44	0.00	12.52	0.02	0.00	0.00	0.10	480.50	13.46	6.90	20.60	33.82	5.20	7.27	7.33	2.68	9.17	0.00	0.00	1.67	21.50	26.83	40.83	0.00
S18	1.49	0.00	3.51	0.01	0.00	0.00	0.02	268.97	16.57	3.70	21.80	45.97	8.40	9.80	6.80	1.02	54.00	0.00	1.67	5.00	10.83	21.83	5.00	1.67
S19	3.97	0.00	1.92	0.00	0.00	0.00	0.01	309.41	19.02	3.40	22.60	20.33	6.70	14.81	6.12	0.69	56.67	0.00	0.00	29.17	5.83	8.33	0.00	0.00
S20	19.80	0.00	9.36	0.17	0.00	0.00	0.03	503.05	27.40	6.40	25.60	60.08	7.50	1.89	6.76	1.72	33.33	10.00	0.00	15.00	6.67	20.00	15.00	0.00
S21	1.96	0.00	0.42	0.00	0.00	0.00	0.00	267.62	13.76	7.10	23.50	12.60	1.19	36.96	6.64	2.60	7.69	0.00	1.92	0.00	0.00	30.77	42.31	11.54
S22	9.81	0.00	1.87	0.04	0.00	0.00	0.00	463.43	22.62	7.40	23.70	41.31	0.38	4.00	7.16	4.12	8.11	2.70	0.00	0.00	2.70	33.78	29.73	22.97
S23	1.74	0.00	0.29	0.00	0.00	0.00	0.00	211.65	14.26	6.40	27.90	68.77	0.52	24.07	6.78	3.92	15.00	0.00	0.00	0.83	15.00	23.33	31.67	14.17
S24	0.47	0.00	0.45	0.00	0.00	0.00	0.00	168.82	11.44	4.50	24.90	36.28	8.50	50.98	6.97	2.72	15.50	0.00	0.00	0.00	6.67	55.83	9.50	12.50
S25	17.83	0.00	2.50	0.03	0.00	0.00	0.00	532.79	14.40	8.30	21.50	68.07	0.42	109.26	7.40	2.62	17.00	0.00	0.83	0.00	19.83	14.17	16.67	34.83
S26	1.19	0.00	0.28	0.00	0.00	0.00	0.00	222.90	10.10	12.20	24.70	22.32	1.19	23.53	6.82	4.14	12.33	0.00	0.00	0.00	45.67	20.00	2.50	19.50
S27	3.83	0.00	0.36	0.00	0.00	0.00	0.00	135.45	8.43	5.80	25.50	0.00	3.90	22.22	7.13	5.21	43.33	0.00	0.00	13.33	22.00	16.67	1.67	3.00
S30	5.97	0.00	9.77	0.00	0.00	0.00	0.01	366.79	37.47	5.90	25.30	5.42	0.67	9.26	5.63	0.82	13.67	0.00	3.83	0.00	82.50	0.00	0.00	0.00
S31	12.07	0.00	3.21	1.12	0.00	0.00	0.00	521.19	25.26	6.20	25.20	5.88	5.50	25.93	5.98	0.76	19.00	0.00	0.00	8.33	62.17	7.83	3.33	0.00
S32	102.55	1.07	30.76	11.80	0.00	0.00	0.25	1104.63	34.11	6.70	23.10	15.89	1.99	17.31	6.08	1.69	5.33	0.00	0.00	0.00	88.00	0.00	6.67	0.00
S33	2.11	0.00	0.26	0.00	0.00	0.00	0.00	345.70	40.34	6.90	29.80	14.33	1.45	36.36	5.77	0.35	1.72	0.00	18.97	28.45	50.86	0.00	0.00	0.00
